30
 1.00000000000000E+0006 1.00000000000000E+0000 1.00000000000000E+0000
 1.20000000000000E+0006 2.63117405792109E-0001 1.20000000000000E+0000
 1.44000000000000E+0006 1.32937698419760E-0001 1.44000000000000E+0000
 1.72800000000000E+0006 8.66822604629478E-0002 1.72800000000000E+0000
 2.07360000000000E+0006 6.27161429420036E-0002 2.07360000000000E+0000
 2.48832000000000E+0006 4.78735186923029E-0002 2.48832000000000E+0000
 2.98598400000000E+0006 3.76935842725061E-0002 2.98598400000000E+0000
 3.58318080000000E+0006 3.02515835601337E-0002 3.58318080000000E+0000
 4.29981696000000E+0006 2.45792157044596E-0002 4.29981696000000E+0000
 5.15978035200000E+0006 2.01329564239974E-0002 5.15978035200000E+0000
 6.19173642240000E+0006 1.65808333900210E-0002 6.19173642240000E+0000
 7.43008370688000E+0006 1.37058002544115E-0002 7.43008370688000E+0000
 8.91610044825600E+0006 1.13578132870398E-0002 8.91610044825600E+0000
 1.06993205379072E+0007 9.42833365029010E-0003 1.06993205379072E+0001
 1.28391846454886E+0007 7.83595283338509E-0003 1.28391846454886E+0001
 1.54070215745864E+0007 6.51786723395884E-0003 1.54070215745864E+0001
 1.84884258895036E+0007 5.42457932065341E-0003 1.84884258895036E+0001
 2.21861110674044E+0007 4.51645405581352E-0003 2.21861110674044E+0001
 2.66233332808852E+0007 3.76138378373385E-0003 2.66233332808852E+0001
 3.19479999370623E+0007 3.13314070923305E-0003 3.19479999370623E+0001
 3.83375999244747E+0007 2.61017234832742E-0003 3.83375999244747E+0001
 4.60051199093697E+0007 2.17469347794464E-0003 4.60051199093697E+0001
 5.52061438912436E+0007 1.81198415486735E-0003 5.52061438912436E+0001
 6.62473726694923E+0007 1.50983613194559E-0003 6.62473726694923E+0001
 7.94968472033908E+0007 1.25810960160119E-0003 7.94968472033908E+0001
 9.53962166440689E+0007 1.04837422538653E-0003 9.53962166440689E+0001
 1.14475459972883E+0008 8.73615998862033E-0004 1.14475459972883E+0002
 1.37370551967459E+0008 7.27996441577165E-0004 1.37370551967459E+0002
 1.64844662360951E+0008 6.06653926923572E-0004 1.64844662360951E+0002
 1.97813594833141E+0008 5.05539282780502E-0004 1.97813594833141E+0002
