30
 2.05249122606832E+0001 8.99703944229256E-0001 1.00000000000000E+0000
 2.46298947128198E+0001 9.27337912177507E-0001 1.00000000000000E+0000
 2.95558736553838E+0001 9.48097660793015E-0001 1.00000000000000E+0000
 3.54670483864605E+0001 9.63361887826657E-0001 1.00000000000000E+0000
 4.25604580637526E+0001 9.74405156143560E-0001 1.00000000000000E+0000
 5.10725496765032E+0001 9.82299463692380E-0001 1.00000000000000E+0000
 6.12870596118038E+0001 9.87893024869250E-0001 1.00000000000000E+0000
 7.35444715341646E+0001 9.91829969153181E-0001 1.00000000000000E+0000
 8.82533658409975E+0001 9.94585755056020E-0001 1.00000000000000E+0000
 1.05904039009197E+0002 9.96504287269882E-0001 1.00000000000000E+0000
 1.27084846811036E+0002 9.97830459833326E-0001 1.00000000000000E+0000
 1.52501816173244E+0002 9.98736207301671E-0001 1.00000000000000E+0000
 1.83002179407892E+0002 9.99340212565758E-0001 1.00000000000000E+0000
 2.19602615289471E+0002 9.99722189267891E-0001 1.00000000000000E+0000
 2.63523138347365E+0002 9.99932784555259E-0001 1.00000000000000E+0000
 3.16227766016838E+0002 1.00000000000000E+0000 1.00000000000000E+0000
 3.79473319220205E+0002 9.99932784555259E-0001 1.00000000000000E+0000
 4.55367983064246E+0002 9.99722189267891E-0001 1.00000000000000E+0000
 5.46441579677096E+0002 9.99340212565758E-0001 1.00000000000000E+0000
 6.55729895612515E+0002 9.98736207301672E-0001 1.00000000000000E+0000
 7.86875874735018E+0002 9.97830459833326E-0001 1.00000000000000E+0000
 9.44251049682021E+0002 9.96504287269882E-0001 1.00000000000000E+0000
 1.13310125961843E+0003 9.94585755056020E-0001 1.00000000000000E+0000
 1.35972151154211E+0003 9.91829969153181E-0001 1.00000000000000E+0000
 1.63166581385053E+0003 9.87893024869250E-0001 1.00000000000000E+0000
 1.95799897662064E+0003 9.82299463692380E-0001 1.00000000000000E+0000
 2.34959877194477E+0003 9.74405156143560E-0001 1.00000000000000E+0000
 2.81951852633372E+0003 9.63361887826657E-0001 1.00000000000000E+0000
 3.38342223160046E+0003 9.48097660793015E-0001 1.00000000000000E+0000
 4.06010667792056E+0003 9.27337912177507E-0001 1.00000000000000E+0000
