25
 1.35731226130555E+0002 1.34741694341815E-0001 1.00000000000000E+0000
 1.76450593969721E+0002 1.74292484666457E-0001 1.00000000000000E+0000
 2.29385772160637E+0002 2.24702138025012E-0001 1.00000000000000E+0000
 2.98201503808828E+0002 2.88118284640431E-0001 1.00000000000000E+0000
 3.87661954951477E+0002 3.66232341093461E-0001 1.00000000000000E+0000
 5.03960541436920E+0002 4.59319274940742E-0001 1.00000000000000E+0000
 6.55148703867996E+0002 5.64863517415478E-0001 1.00000000000000E+0000
 8.51693315028395E+0002 6.76380286368902E-0001 1.00000000000000E+0000
 1.10720130953691E+0003 7.83743907426445E-0001 1.00000000000000E+0000
 1.43936170239799E+0003 8.75913839047286E-0001 1.00000000000000E+0000
 1.87117021311738E+0003 9.44648581555721E-0001 1.00000000000000E+0000
 2.43252127705260E+0003 9.86204996848328E-0001 1.00000000000000E+0000
 3.16227766016838E+0003 1.00000000000000E+0000 1.00000000000000E+0000
 4.11096095821889E+0003 9.86204996848328E-0001 1.00000000000000E+0000
 5.34424924568456E+0003 9.44648581555721E-0001 1.00000000000000E+0000
 6.94752401938993E+0003 8.75913839047286E-0001 1.00000000000000E+0000
 9.03178122520691E+0003 7.83743907426445E-0001 1.00000000000000E+0000
 1.17413155927690E+0004 6.76380286368902E-0001 1.00000000000000E+0000
 1.52637102705997E+0004 5.64863517415478E-0001 1.00000000000000E+0000
 1.98428233517796E+0004 4.59319274940742E-0001 1.00000000000000E+0000
 2.57956703573135E+0004 3.66232341093461E-0001 1.00000000000000E+0000
 3.35343714645075E+0004 2.88118284640431E-0001 1.00000000000000E+0000
 4.35946829038597E+0004 2.24702138025012E-0001 1.00000000000000E+0000
 5.66730877750177E+0004 1.74292484666457E-0001 1.00000000000000E+0000
 7.36750141075230E+0004 1.34741694341815E-0001 1.00000000000000E+0000
